37.4080094345272
36.3987983787201
36.9446618617888
36.9127471292838
36.4278767757747
36.7099848967074
36.7734806751938
36.8403133189159
36.5094392960377
36.2760494075472
36.9940474672782
36.9938806240164
37.0472943025404
36.9223286994608
36.5761527660014
36.8653398081842
36.5827311574662
36.9413488313047
36.7789865028328
37.0838091421203
37.1855596970596
3.26899406764614
3.66288717397713
3.37875309915121
37.4369209883199
37.1882291892484
37.1289759965617
36.9344129185647
36.9199452242924
36.8425061160708
36.407641071595
36.8347836565253
37.3836741530577
36.5863063702188
36.8953000910511
36.5790367709552
37.224839367835
36.8129986934859
36.4103343985353
37.1229934738889
36.6731125358522
37.1532159390244
36.6946114818712
37.1216110582914
36.977839836133
36.6243704686582
37.0876942066449
37.282257284642
10.901763442698
11.1112947447528
11.2866470128925
36.8393599288485
37.072749817339
36.7319605377601
36.6871273698425
36.8617169259283
36.5646405809379
36.837524652969
36.8767804889925
36.7283138207525
37.3943521218122
36.9657556170293
36.4676093068321
